1773239826522 5.9772 3
1773239826530 5.1767 4
1773239826536 4.6729 5
1773239826543 5.0463 6
1773239826549 5.2201 7
1773239826556 3.5861 8
1773239826561 5.0856 9
1773239826566 5.0837 10
1773239826572 5.9954 11
1773239826577 6.331 12
1773239826582 6.2453 13
1773239826588 5.2827 14
1773239826593 5.3462 15
1773239826599 3.3851 16
1773239826605 4.7623 17
1773239826611 4.656 18
1773239826616 4.4467 19
1773239826623 4.5228 20
1773239826631 4.5357 21
1773239826638 2.6916 22
1773239826644 2.8992 23
1773239826649 3.7133 24
1773239826654 3.5997 25
