1773239826519 -5.2947 3
1773239826527 -3.9973 4
1773239826533 -2.9158 5
1773239826540 -3.2671 6
1773239826547 -3.545 7
1773239826553 -2.3778 8
1773239826559 -0.744 9
1773239826564 -1.3011 10
1773239826569 1.7731 11
1773239826574 3.7531 12
1773239826580 3.9484 13
1773239826586 1.7178 14
1773239826591 2.4518 15
1773239826596 0.823 16
1773239826602 -2.2947 17
1773239826608 -1.9172 18
1773239826613 -1.3226 19
1773239826620 -2.3708 20
1773239826626 -2.8895 21
1773239826636 0.0371 22
1773239826641 0.6014 23
1773239826646 1.6625 24
1773239826652 2.6771 25
